Cepheid logP mag_U err_U amp_U mag_B err_B amp_B mag_V err_V amp_V mag_R err_R amp_R mag_I err_I amp_I mag_J err_J amp_J mag_H err_H amp_H mag_K err_K amp_K mag_3p6 err_3p6 amp_3p6 mag_4p5 err_4p5 amp_4p5 mag_5p8 err_5p8 amp_5p8 mag_8p0 err_8p0 amp_8p0
"RT Aur" 0.571 6.555 0.018 1.373 6.120 0.017 1.149 5.487 0.011 0.744 5.297 0.000 0.035 4.822 0.006 0.397 4.249 0.004 0.242 3.980 0.002 0.154 3.921 0.002 0.156 3.852 0.003 0.169 3.850 0.003 0.195 99.99 99.99 99.99 99.99 99.99 99.99
"QZ Nor" 0.578 10.432 0.006 0.402 9.782 0.007 0.437 8.875 0.004 0.289 8.388 0.003 0.216 7.871 0.003 0.183 7.138 0.002 0.121 6.734 0.001 0.068 6.623 0.001 0.075 99.99 99.99 99.99 99.99 99.99 99.99 99.99 99.99 99.99 99.99 99.99 99.99
"SU Cyg" 0.585 7.807 0.016 1.081 7.493 0.015 1.029 6.890 0.011 0.738 6.528 0.009 0.594 6.208 0.007 0.479 5.655 0.004 0.287 5.382 0.003 0.193 5.318 0.003 0.178 99.99 99.99 99.99 99.99 99.99 99.99 99.99 99.99 99.99 99.99 99.99 99.99
"Y Lac" 0.636 10.409 0.018 1.142 9.921 0.016 1.033 9.163 0.011 0.709 8.723 0.008 0.557 8.312 0.007 0.481 7.646 0.004 0.265 7.310 0.003 0.191 7.218 0.003 0.186 99.99 99.99 99.99 99.99 99.99 99.99 99.99 99.99 99.99 99.99 99.99 99.99
"T Vul" 0.647 6.817 0.017 1.092 6.444 0.014 0.969 5.772 0.009 0.638 5.390 0.008 0.529 5.087 0.006 0.370 4.548 0.004 0.254 4.257 0.003 0.182 4.193 0.003 0.179 4.115 0.003 0.160 4.112 0.003 0.172 99.99 99.99 99.99 99.99 99.99 99.99
"FF Aql" 0.650 6.648 0.009 0.554 6.159 0.007 0.469 5.383 0.005 0.327 4.912 0.004 0.278 4.503 0.004 0.247 3.864 0.002 0.122 3.566 0.001 0.068 3.479 0.001 0.070 3.379 0.001 0.064 3.354 0.001 0.064 99.99 99.99 99.99 99.99 99.99 99.99
"T Vel" 0.667 9.634 0.017 1.191 9.001 0.014 0.926 8.047 0.009 0.618 99.99 99.99 99.99 6.971 0.006 0.383 6.228 0.004 0.245 5.770 0.003 0.176 5.643 0.003 0.166 99.99 99.99 99.99 99.99 99.99 99.99 99.99 99.99 99.99 99.99 99.99 99.99
"VZ Cyg" 0.687 10.542 0.018 1.234 9.900 0.015 1.020 8.983 0.010 0.668 8.452 0.007 0.551 7.970 0.006 0.399 7.211 0.004 0.267 6.851 0.003 0.189 6.741 0.003 0.172 99.99 99.99 99.99 99.99 99.99 99.99 99.99 99.99 99.99 99.99 99.99 99.99
"V350 Sgr" 0.712 9.084 0.020 1.318 8.449 0.015 1.059 7.504 0.010 0.716 6.978 0.008 0.591 6.453 0.006 0.438 5.635 0.004 0.269 5.239 0.003 0.208 5.147 0.003 0.185 99.99 99.99 99.99 99.99 99.99 99.99 99.99 99.99 99.99 99.99 99.99 99.99
"BG Lac" 0.727 10.550 0.017 1.137 9.878 0.013 0.878 8.900 0.009 0.598 8.346 0.007 0.468 7.825 0.005 0.344 7.033 0.004 0.233 6.642 0.003 0.179 6.522 0.003 0.177 99.99 99.99 99.99 99.99 99.99 99.99 99.99 99.99 99.99 99.99 99.99 99.99
"Delta Cep" 0.730 5.206 0.023 1.586 4.684 0.018 1.264 3.990 0.012 0.829 3.538 0.009 0.622 99.99 99.99 99.99 2.694 0.005 0.311 2.381 0.003 0.210 2.313 0.003 0.200 2.223 0.003 0.204 2.220 0.003 0.228 99.99 99.99 99.99 99.99 99.99 99.99
"CV Mon" 0.731 12.692 0.019 1.292 11.681 0.015 1.016 10.314 0.010 0.686 9.395 0.008 0.484 8.653 0.006 0.398 7.364 0.004 0.244 6.786 0.003 0.194 6.575 0.003 0.177 6.377 0.003 0.181 6.363 0.003 0.189 99.99 99.99 99.99 99.99 99.99 99.99
"V Cen" 0.740 8.373 0.021 1.461 7.769 0.017 1.181 6.857 0.011 0.791 6.330 0.009 0.629 5.805 0.007 0.489 5.069 0.004 0.297 4.632 0.003 0.208 4.515 0.003 0.201 4.407 0.003 0.198 4.401 0.003 0.214 99.99 99.99 99.99 99.99 99.99 99.99
"Y Sgr" 0.761 7.300 0.021 1.393 6.657 0.016 1.102 5.766 0.010 0.718 5.265 0.008 0.594 4.801 0.006 0.449 4.068 0.004 0.234 3.692 0.003 0.201 3.602 0.003 0.188 3.488 0.003 0.184 3.486 0.003 0.209 99.99 99.99 99.99 99.99 99.99 99.99
"CS Vel" 0.771 14.072 0.028 1.755 13.071 0.017 1.073 11.728 0.011 0.765 10.858 0.000 0.027 10.080 0.007 0.451 8.820 0.005 0.277 8.226 0.004 0.235 8.015 0.004 0.228 99.99 99.99 99.99 99.99 99.99 99.99 99.99 99.99 99.99 99.99 99.99 99.99
"BB Sgr" 0.822 8.693 0.018 1.269 7.987 0.013 0.911 6.965 0.008 0.598 6.401 0.007 0.505 5.855 0.006 0.397 5.063 0.004 0.228 4.633 0.003 0.173 4.523 0.003 0.159 99.99 99.99 99.99 99.99 99.99 99.99 99.99 99.99 99.99 99.99 99.99 99.99
"V Car" 0.826 99.99 99.99 99.99 8.279 0.013 0.934 7.384 0.009 0.606 6.899 0.007 0.478 6.440 0.005 0.381 5.808 0.004 0.221 5.390 0.003 0.177 5.287 0.003 0.179 99.99 99.99 99.99 99.99 99.99 99.99 99.99 99.99 99.99 99.99 99.99 99.99
"U Sgr" 0.829 8.662 0.022 1.513 7.859 0.016 1.101 6.724 0.010 0.721 6.079 0.008 0.557 5.450 0.006 0.434 4.540 0.004 0.275 4.087 0.003 0.210 3.963 0.003 0.202 3.826 0.003 0.185 3.825 0.003 0.211 99.99 99.99 99.99 99.99 99.99 99.99
"V496 Aql" 0.833 9.758 0.012 0.813 8.937 0.008 0.556 7.769 0.005 0.371 7.118 0.005 0.313 6.491 0.004 0.245 5.564 0.002 0.169 5.131 0.002 0.141 5.019 0.002 0.123 99.99 99.99 99.99 99.99 99.99 99.99 99.99 99.99 99.99 99.99 99.99 99.99
"X Sgr" 0.846 5.866 0.018 1.260 5.334 0.013 0.895 4.569 0.009 0.604 4.114 0.007 0.478 3.663 0.006 0.380 2.986 0.004 0.256 2.640 0.003 0.189 2.551 0.003 0.209 2.424 0.003 0.165 2.411 0.003 0.186 99.99 99.99 99.99 99.99 99.99 99.99
"U Aql" 0.847 8.246 0.022 1.520 7.536 0.016 1.128 6.457 0.011 0.754 5.855 0.009 0.609 5.279 0.007 0.460 4.398 0.004 0.258 3.991 0.003 0.220 3.867 0.003 0.209 3.741 0.003 0.190 3.740 0.004 0.226 99.99 99.99 99.99 99.99 99.99 99.99
"Eta Aql" 0.856 5.349 0.022 1.534 4.744 0.017 1.177 3.918 0.011 0.776 3.431 0.009 0.615 3.036 0.007 0.493 2.400 0.004 0.278 2.054 0.003 0.226 1.972 0.003 0.214 1.866 0.003 0.200 1.869 0.004 0.231 99.99 99.99 99.99 99.99 99.99 99.99
"W Sgr" 0.881 6.022 0.022 1.563 5.472 0.017 1.208 4.694 0.011 0.786 4.263 0.009 0.637 3.863 0.007 0.485 3.247 0.004 0.243 2.924 0.004 0.232 2.832 0.004 0.252 2.725 0.003 0.219 2.722 0.004 0.244 99.99 99.99 99.99 99.99 99.99 99.99
"U Vul" 0.903 9.459 0.021 1.384 8.492 0.016 1.049 7.149 0.011 0.704 6.358 0.008 0.548 5.609 0.007 0.447 4.531 0.004 0.251 4.077 0.003 0.199 3.934 0.003 0.193 3.798 0.003 0.178 3.779 0.003 0.195 99.99 99.99 99.99 99.99 99.99 99.99
"S Sge" 0.923 7.035 0.023 1.502 6.488 0.016 1.077 5.641 0.011 0.697 5.179 0.008 0.565 4.782 0.006 0.444 4.168 0.004 0.274 3.834 0.003 0.222 3.753 0.003 0.211 3.655 0.003 0.197 3.664 0.004 0.228 99.99 99.99 99.99 99.99 99.99 99.99
"GH Lup" 0.967 9.778 0.006 0.403 8.851 0.004 0.249 7.632 0.002 0.157 6.969 0.002 0.123 6.360 0.002 0.101 5.492 0.001 0.085 4.960 0.001 0.063 4.814 0.001 0.063 99.99 99.99 99.99 99.99 99.99 99.99 99.99 99.99 99.99 99.99 99.99 99.99
"S Mus" 0.985 7.445 0.013 0.813 6.988 0.012 0.733 6.146 0.008 0.531 5.668 0.007 0.436 5.204 0.005 0.368 4.546 0.004 0.234 4.128 0.003 0.181 4.019 0.003 0.171 99.99 99.99 99.99 99.99 99.99 99.99 99.99 99.99 99.99 99.99 99.99 99.99
"S Nor" 0.989 8.082 0.020 1.326 7.419 0.014 0.962 6.446 0.009 0.641 5.925 0.007 0.523 5.436 0.006 0.412 4.722 0.004 0.256 4.281 0.003 0.196 4.168 0.003 0.193 4.067 0.003 0.187 4.088 0.003 0.201 99.99 99.99 99.99 99.99 99.99 99.99
"Beta Dor" 0.993 5.162 0.019 1.268 4.586 0.013 0.920 3.758 0.009 0.593 3.352 0.007 0.512 2.946 0.006 0.384 2.444 0.004 0.236 2.033 0.003 0.201 1.963 0.003 0.193 1.862 0.003 0.188 1.872 0.003 0.189 99.99 99.99 99.99 99.99 99.99 99.99
"Zeta Gem" 1.007 5.334 0.016 1.060 4.735 0.011 0.698 3.901 0.007 0.464 3.491 0.005 0.352 3.100 0.005 0.307 99.99 99.99 99.99 99.99 99.99 99.99 99.99 99.99 99.99 2.029 0.003 0.159 2.039 0.003 0.168 99.99 99.99 99.99 99.99 99.99 99.99
"Z Lac" 1.037 10.465 0.027 1.955 9.623 0.019 1.393 8.448 0.012 0.915 7.796 0.010 0.696 7.212 0.008 0.606 6.248 0.005 0.335 5.805 0.004 0.273 5.675 0.004 0.268 99.99 99.99 99.99 99.99 99.99 99.99 99.99 99.99 99.99 99.99 99.99 99.99
"XX Cen" 1.040 9.643 0.024 1.755 8.882 0.019 1.352 7.855 0.012 0.891 7.280 0.009 0.678 6.754 0.008 0.561 5.992 0.005 0.343 5.536 0.004 0.232 5.413 0.004 0.226 99.99 99.99 99.99 99.99 99.99 99.99 99.99 99.99 99.99 99.99 99.99 99.99
"V340 Nor" 1.053 99.99 99.99 99.99 99.99 99.99 99.99 8.407 0.005 0.283 99.99 99.99 99.99 99.99 99.99 99.99 6.271 0.002 0.144 5.732 0.002 0.134 5.586 0.002 0.125 5.453 0.002 0.105 5.480 0.002 0.120 99.99 99.99 99.99 99.99 99.99 99.99
"UU Mus" 1.066 12.019 0.029 2.114 11.040 0.020 1.488 9.839 0.013 0.973 9.136 0.010 0.728 8.502 0.008 0.563 7.537 0.006 0.365 6.996 0.005 0.300 6.834 0.005 0.288 99.99 99.99 99.99 99.99 99.99 99.99 99.99 99.99 99.99 99.99 99.99 99.99
"U Nor" 1.102 12.300 0.022 1.449 10.939 0.020 1.444 9.273 0.013 0.973 8.312 0.011 0.769 7.366 0.008 0.605 5.939 0.005 0.331 5.240 0.004 0.244 4.993 0.004 0.232 99.99 99.99 99.99 99.99 99.99 99.99 99.99 99.99 99.99 99.99 99.99 99.99
"SU Cru" 1.109 13.248 0.029 2.109 11.613 0.015 1.093 9.802 0.008 0.558 8.737 0.005 0.367 7.658 0.003 0.212 6.011 0.001 0.095 5.026 0.001 0.055 4.736 0.001 0.046 99.99 99.99 99.99 99.99 99.99 99.99 99.99 99.99 99.99 99.99 99.99 99.99
"BN Pup" 1.136 12.234 0.035 2.572 11.212 0.024 1.738 9.947 0.016 1.139 9.211 0.012 0.877 8.581 0.010 0.684 7.630 0.007 0.438 7.082 0.006 0.387 6.928 0.006 0.386 99.99 99.99 99.99 99.99 99.99 99.99 99.99 99.99 99.99 99.99 99.99 99.99
"TT Aql" 1.138 9.663 0.033 2.333 8.560 0.022 1.578 7.185 0.014 1.010 6.441 0.011 0.814 5.745 0.009 0.618 4.677 0.006 0.366 4.187 0.005 0.334 4.041 0.005 0.326 3.882 0.005 0.326 3.913 0.005 0.323 99.99 99.99 99.99 99.99 99.99 99.99
"LS Pup" 1.151 12.820 0.027 1.919 11.790 0.020 1.452 10.500 0.013 0.919 9.774 0.010 0.754 9.087 0.008 0.549 8.093 0.006 0.359 7.522 0.005 0.326 7.357 0.005 0.321 99.99 99.99 99.99 99.99 99.99 99.99 99.99 99.99 99.99 99.99 99.99 99.99
"VW Cen" 1.177 13.665 0.014 0.854 11.754 0.022 1.549 10.306 0.014 1.002 9.521 0.011 0.805 8.802 0.009 0.637 7.662 0.006 0.377 7.020 0.005 0.320 6.825 0.005 0.313 99.99 99.99 99.99 99.99 99.99 99.99 99.99 99.99 99.99 99.99 99.99 99.99
"X Cyg" 1.214 8.644 0.035 2.430 7.659 0.023 1.594 6.434 0.014 1.004 5.808 0.011 0.770 5.254 0.009 0.578 4.390 0.006 0.367 3.950 0.005 0.349 3.822 0.005 0.343 3.686 0.006 0.353 3.735 0.005 0.340 99.99 99.99 99.99 99.99 99.99 99.99
"CD Cyg" 1.232 11.639 0.037 2.680 10.422 0.025 1.805 9.023 0.016 1.145 8.248 0.013 0.892 7.525 0.010 0.674 6.384 0.007 0.399 5.868 0.006 0.392 5.708 0.006 0.405 5.482 0.006 0.358 5.540 0.006 0.370 99.99 99.99 99.99 99.99 99.99 99.99
"Y Oph" 1.234 8.657 0.016 1.020 7.573 0.011 0.745 6.161 0.007 0.480 5.331 0.006 0.389 4.543 0.005 0.289 3.388 0.003 0.205 2.865 0.002 0.139 2.690 0.002 0.131 2.529 0.002 0.129 2.503 0.002 0.141 99.99 99.99 99.99 99.99 99.99 99.99
"SZ Aql" 1.234 11.541 0.038 2.747 10.227 0.025 1.764 8.697 0.016 1.145 7.868 0.013 0.935 7.103 0.010 0.719 5.901 0.007 0.410 5.349 0.006 0.369 5.170 0.006 0.360 4.989 0.005 0.350 5.041 0.006 0.365 99.99 99.99 99.99 99.99 99.99 99.99
"VY Car" 1.277 9.784 0.036 2.415 8.744 0.015 0.924 7.510 0.012 0.756 6.853 0.009 0.548 6.301 0.007 0.442 5.466 0.007 0.443 4.955 0.006 0.364 4.816 0.006 0.357 99.99 99.99 99.99 99.99 99.99 99.99 99.99 99.99 99.99 99.99 99.99 99.99
"RU Sct" 1.294 12.831 0.032 2.312 11.291 0.023 1.572 9.526 0.015 1.024 8.426 0.013 0.829 7.486 0.009 0.605 5.980 0.007 0.415 5.309 0.005 0.335 5.075 0.005 0.318 4.863 0.005 0.338 4.875 0.005 0.331 99.99 99.99 99.99 99.99 99.99 99.99
"RY Sco" 1.308 10.740 0.022 1.443 9.568 0.018 1.177 8.037 0.012 0.814 7.145 0.010 0.657 6.271 0.008 0.525 4.997 0.005 0.356 4.370 0.004 0.272 4.147 0.004 0.268 99.99 99.99 99.99 99.99 99.99 99.99 99.99 99.99 99.99 99.99 99.99 99.99
"RZ Vel" 1.310 9.455 0.038 2.612 8.408 0.026 1.813 7.170 0.017 1.151 6.547 0.012 0.767 5.898 0.011 0.710 4.990 0.008 0.484 4.469 0.006 0.414 4.318 0.006 0.404 99.99 99.99 99.99 99.99 99.99 99.99 99.99 99.99 99.99 99.99 99.99 99.99
"WZ Sgr" 1.339 10.948 0.039 2.704 9.584 0.023 1.686 8.098 0.015 1.073 7.290 0.011 0.842 6.584 0.009 0.665 5.370 0.007 0.436 4.769 0.006 0.385 4.578 0.006 0.372 4.372 0.006 0.385 4.452 0.006 0.377 99.99 99.99 99.99 99.99 99.99 99.99
"WZ Car" 1.362 11.584 0.042 2.743 10.614 0.027 1.883 9.343 0.018 1.248 8.654 0.014 0.951 8.002 0.011 0.780 7.024 0.009 0.548 6.471 0.008 0.495 6.304 0.007 0.491 99.99 99.99 99.99 99.99 99.99 99.99 99.99 99.99 99.99 99.99 99.99 99.99
"SW Vel" 1.370 10.515 0.038 2.481 9.435 0.022 1.373 8.189 0.014 0.948 7.503 0.014 0.950 6.875 0.009 0.639 5.944 0.008 0.513 5.402 0.007 0.469 5.243 0.007 0.466 99.99 99.99 99.99 99.99 99.99 99.99 99.99 99.99 99.99 99.99 99.99 99.99
"T Mon" 1.432 8.456 0.031 2.042 7.436 0.022 1.437 6.187 0.014 0.942 5.558 0.012 0.758 5.005 0.010 0.633 4.150 0.007 0.469 3.648 0.006 0.404 3.523 0.006 0.397 3.367 0.006 0.389 3.434 0.006 0.376 99.99 99.99 99.99 99.99 99.99 99.99
"RY Vel" 1.449 11.003 0.029 1.906 9.872 0.021 1.487 8.421 0.014 0.966 7.624 0.010 0.710 6.846 0.009 0.598 5.705 0.006 0.357 5.128 0.005 0.319 4.934 0.005 0.309 99.99 99.99 99.99 99.99 99.99 99.99 99.99 99.99 99.99 99.99 99.99 99.99
"AQ Pup" 1.479 11.202 0.000 0.004 10.197 0.022 1.574 8.756 0.015 1.059 7.953 0.014 1.039 7.178 0.010 0.681 6.083 0.008 0.551 5.486 0.007 0.430 5.301 0.007 0.433 99.99 99.99 99.99 99.99 99.99 99.99 99.99 99.99 99.99 99.99 99.99 99.99
"KN Cen" 1.532 12.513 0.021 1.373 11.604 0.021 1.430 9.918 0.015 1.039 8.936 0.013 0.875 8.024 0.011 0.737 6.521 0.006 0.425 5.760 0.006 0.377 5.495 0.006 0.367 99.99 99.99 99.99 99.99 99.99 99.99 99.99 99.99 99.99 99.99 99.99 99.99
"l Car" 1.551 6.260 0.028 1.838 5.048 0.017 1.107 3.749 0.011 0.700 3.105 0.008 0.532 2.564 0.007 0.469 1.773 0.005 0.315 1.218 0.005 0.306 1.098 0.005 0.301 0.929 0.004 0.288 1.050 0.004 0.279 99.99 99.99 99.99 99.99 99.99 99.99
"U Car" 1.589 8.716 0.036 2.503 7.625 0.025 1.733 6.342 0.016 1.109 5.660 0.012 0.852 5.076 0.010 0.718 4.199 0.007 0.449 3.678 0.007 0.425 3.531 0.007 0.424 3.369 0.006 0.401 3.422 0.006 0.397 99.99 99.99 99.99 99.99 99.99 99.99
"RS Pup" 1.617 9.859 0.036 2.451 8.580 0.019 1.377 7.057 0.013 0.882 6.234 0.008 0.571 5.507 0.009 0.597 4.396 0.007 0.421 3.809 0.007 0.498 3.650 0.007 0.426 99.99 99.99 99.99 99.99 99.99 99.99 99.99 99.99 99.99 99.99 99.99 99.99
"SV Vul" 1.653 10.120 0.026 1.819 8.810 0.018 1.274 7.267 0.012 0.849 6.466 0.012 0.764 5.719 0.009 0.650 4.611 0.006 0.379 4.085 0.006 0.350 3.929 0.006 0.344 3.718 0.006 0.360 3.792 0.006 0.370 99.99 99.99 99.99 99.99 99.99 99.99
